1100000 1000000 1000000 1000000 1000000 1010000 1010000 1010000 1010000 1000000 1000000 1000001 1000000 1100000 
0001000 0000000 0010000 0010000 0000000 1010100 1010100 1010100 1110100 0001000 0000000 0000000 0010000 0110000 
0001000 0100000 1001100 1000100 0000000 1010000 1010000 1010000 1000000 0000000 0100000 0011100 1010100 1100100 
0001000 0100000 0011100 0110100 0101000 1001100 1000100 1100100 0001000 0010000 0010000 1010000 1000000 0100000 
0011000 0000000 1000000 1000000 0100000 0011100 0000100 0110100 0101000 1011100 1000100 1100100 0011000 0100000 
1001100 0000000 0100000 0101100 0001000 1000000 0010000 1010000 0000000 1100000 0001100 0000100 1100100 0101000 
0111100 0001000 0100000 0101100 0001000 0000000 1000110 1100110 0001000 0000000 0100000 0001100 0000100 0100000 
1001001 0000000 0000000 0100100 0001000 0100000 0001110 0100110 0001000 0000000 0110000 0001100 0100100 0101000 
0011000 0010000 0100000 0111100 0001000 0100000 0011110 0010110 0000000 0100000 1011100 0010100 0110100 0101000
1001100 1100100 0001000 1000000 0000000 0010000 1000000 1000000 0000000 0000000 1010000 1010000 1010000 0100000
0011100 0100100 0001000 0100000 0001100 1100100 0001000 0010000 0010000 0100000 1011100 1000100 1010100 0100000
1011000 0010000 0000000 0100000 0011100 0100100 0001000 1000100 1000100 0000000 1000000 0110100 1001000 0100000
1011100 1010100 0000000 0000000 1000000 0000000 0100000 0011100 0110100 0001000 0000000 1000000 0000000 0100000
1011000 1010000 0010000 0010000 0010000 0010000 0010000 1010000 1010000 0010000 0010000 0010000 0010000 0110001
